RP80 = 0.6266094420600858
eval_accuracy = 0.6081424936386769
eval_loss = 0.673754659982828
global_step = 99
rev_eval_accuracy = 0.39185750636132316
training loss = 0.6818302893879438
